header: 
  seq: 560
  stamp: 
    secs: 1609921595
    nsecs: 158648379
  frame_id: "SimpleFlight/odom_local_ned"
angle_min: 1.83472144604
angle_max: 8.11472129822
angle_increment: 0.0163541659713
time_increment: 0.0
scan_time: 0.0
range_min: 0.0
range_max: 50.0
ranges: [1.3349498510360718, 1.3349498510360718, 1.3349498510360718, 1.3349498510360718, 1.3349498510360718, 1.3349498510360718, 1.3349491357803345, 1.3349491357803345, 1.3349491357803345, 1.3349491357803345, 1.3349491357803345, 1.3349491357803345, 1.3349493741989136, 1.3349493741989136, 1.3349493741989136, 1.3349493741989136, 1.3349493741989136, 1.3349493741989136, 1.3349493741989136, 1.3349493741989136, 1.3349493741989136, 1.3349493741989136, 1.3349493741989136, 1.3349493741989136, 1.3349491357803345, 1.3349491357803345, 1.3349491357803345, 1.3349491357803345, 1.3349491357803345, 1.3349491357803345, 1.3349496126174927, 1.3349496126174927, 1.3349496126174927, 1.3349496126174927, 1.3349496126174927, 1.3349496126174927, 1.334949254989624, 1.334949254989624, 1.334949254989624, 1.334949254989624, 1.334949254989624, 1.334949254989624, 1.3349491357803345, 1.3349491357803345, 1.3349491357803345, 1.3349491357803345, 1.3349491357803345, 1.3349491357803345, 1.3349493741989136, 1.3349493741989136, 1.3349493741989136, 1.3349493741989136, 1.3349493741989136, 1.3349493741989136, 1.3349497318267822, 1.3349497318267822, 1.3349497318267822, 1.3349497318267822, 1.3349497318267822, 1.3349497318267822, 1.334949016571045, 1.334949016571045, 1.334949016571045, 1.334949016571045, 1.334949016571045, 1.334949016571045, 1.33495032787323, 1.33495032787323, 1.33495032787323, 1.33495032787323, 1.33495032787323, 1.33495032787323, 1.3349510431289673, 1.3349510431289673, 1.3349510431289673, 1.3349510431289673, 1.3349510431289673, 1.3349510431289673, 1.3349493741989136, 1.3349493741989136, 1.3349493741989136, 1.3349493741989136, 1.3349493741989136, 1.3349493741989136, 1.334949254989624, 1.334949254989624, 1.334949254989624, 1.334949254989624, 1.334949254989624, 1.334949254989624, 1.3349509239196777, 1.3349509239196777, 1.3349509239196777, 1.3349509239196777, 1.3349509239196777, 1.3349509239196777, 1.3349497318267822, 1.3349497318267822, 1.3349497318267822, 1.3349497318267822, 1.3349497318267822, 1.3349497318267822, 1.3349480628967285, 1.3349480628967285, 1.3349480628967285, 1.3349480628967285, 1.3349480628967285, 1.3349480628967285, 1.3349497318267822, 1.3349497318267822, 1.3349497318267822, 1.3349497318267822, 1.3349497318267822, 1.3349497318267822, 1.334949016571045, 1.334949016571045, 1.334949016571045, 1.334949016571045, 1.334949016571045, 1.334949016571045, 1.334949016571045, 1.334949016571045, 1.334949016571045, 1.334949016571045, 1.334949016571045, 1.334949016571045, 1.3349485397338867, 1.3349485397338867, 1.3349485397338867, 1.3349485397338867, 1.3349485397338867, 1.3349485397338867, 1.3349486589431763, 1.3349486589431763, 1.3349486589431763, 1.3349486589431763, 1.3349486589431763, 1.3349486589431763, 1.3349480628967285, 1.3349480628967285, 1.3349480628967285, 1.3349480628967285, 1.3349480628967285, 1.3349480628967285, 1.3349480628967285, 1.3349480628967285, 1.3349480628967285, 1.3349480628967285, 1.3349480628967285, 1.3349480628967285, 1.3349506855010986, 1.3349506855010986, 1.3349506855010986, 1.3349506855010986, 1.3349506855010986, 1.3349506855010986, 1.3349484205245972, 1.3349484205245972, 1.3349484205245972, 1.3349484205245972, 1.3349484205245972, 1.3349484205245972, 1.334946632385254, 1.334946632385254, 1.334946632385254, 1.334946632385254, 1.334946632385254, 1.334946632385254, 1.334948182106018, 1.334948182106018, 1.334948182106018, 1.334948182106018, 1.334948182106018, 1.334948182106018, 1.3349496126174927, 1.3349496126174927, 1.3349496126174927, 1.3349496126174927, 1.3349496126174927, 1.3349496126174927, 1.3349498510360718, 1.3349498510360718, 1.3349498510360718, 1.3349498510360718, 1.3349498510360718, 1.3349498510360718, 1.334949254989624, 1.334949254989624, 1.334949254989624, 1.334949254989624, 1.334949254989624, 1.334949254989624, 1.3349494934082031, 1.3349494934082031, 1.3349494934082031, 1.3349494934082031, 1.3349494934082031, 1.3349494934082031, 1.3349494934082031, 1.3349494934082031, 1.3349494934082031, 1.3349494934082031, 1.3349494934082031, 1.3349494934082031, 1.3349509239196777, 1.3349509239196777, 1.3349509239196777, 1.3349509239196777, 1.3349509239196777, 1.3349509239196777, 1.0710532665252686, 1.0710532665252686, 1.0710532665252686, 1.0710532665252686, 1.0710532665252686, 1.0710532665252686, 0.9457922577857971, 0.9457922577857971, 0.9457922577857971, 0.9457922577857971, 0.9457922577857971, 0.9457922577857971, 0.8544265031814575, 0.8544265031814575, 0.8544265031814575, 0.8544265031814575, 0.8544265031814575, 0.8544265031814575, 0.7863428592681885, 0.7863428592681885, 0.7863428592681885, 0.7863428592681885, 0.7863428592681885, 0.7863428592681885, 0.7351309657096863, 0.7351309657096863, 0.7351309657096863, 0.7351309657096863, 0.7351309657096863, 0.7351309657096863, 0.6967360973358154, 0.6967360973358154, 0.6967360973358154, 0.6967360973358154, 0.6967360973358154, 0.6967360973358154, 0.6685186624526978, 0.6685186624526978, 0.6685186624526978, 0.6685186624526978, 0.6685186624526978, 0.6685186624526978, 0.648745059967041, 0.648745059967041, 0.648745059967041, 0.648745059967041, 0.648745059967041, 0.648745059967041, 0.6362997889518738, 0.6362997889518738, 0.6362997889518738, 0.6362997889518738, 0.6362997889518738, 0.6362997889518738, 0.6305219531059265, 0.6305219531059265, 0.6305219531059265, 0.6305219531059265, 0.6305219531059265, 0.6305219531059265, 0.6311147809028625, 0.6311147809028625, 0.6311147809028625, 0.6311147809028625, 0.6311147809028625, 0.6311147809028625, 0.6381083726882935, 0.6381083726882935, 0.6381083726882935, 0.6381083726882935, 0.6381083726882935, 0.6381083726882935, 0.6518633365631104, 0.6518633365631104, 0.6518633365631104, 0.6518633365631104, 0.6518633365631104, 0.6518633365631104, 0.6731176376342773, 0.6731176376342773, 0.6731176376342773, 0.6731176376342773, 0.6731176376342773, 0.6731176376342773, 0.7030864953994751, 0.7030864953994751, 0.7030864953994751, 0.7030864953994751, 0.7030864953994751, 0.7030864953994751, 0.7436467409133911, 0.7436467409133911, 0.7436467409133911, 0.7436467409133911, 0.7436467409133911, 0.7436467409133911, 0.7976549863815308, 0.7976549863815308, 0.7976549863815308, 0.7976549863815308, 0.7976549863815308, 0.7976549863815308, 0.8695167303085327, 0.8695167303085327, 0.8695167303085327, 0.8695167303085327, 0.8695167303085327, 0.8695167303085327, 0.966249406337738, 0.966249406337738, 0.966249406337738, 0.966249406337738, 0.966249406337738, 0.966249406337738, 1.0995949506759644, 1.0995949506759644, 1.0995949506759644, 1.0995949506759644, 1.0995949506759644, 1.0995949506759644, 1.3349493741989136, 1.3349493741989136, 1.3349493741989136, 1.3349493741989136, 1.3349493741989136, 1.3349493741989136, 1.3349475860595703, 1.3349475860595703, 1.3349475860595703, 1.3349475860595703, 1.3349475860595703, 1.3349475860595703, 1.3349497318267822, 1.3349497318267822, 1.3349497318267822, 1.3349497318267822, 1.3349497318267822, 1.3349497318267822, 1.3349498510360718, 1.3349498510360718, 1.3349498510360718, 1.3349498510360718, 1.3349498510360718, 1.3349498510360718, 1.3349480628967285, 1.3349480628967285, 1.3349480628967285, 1.3349480628967285, 1.3349480628967285, 1.3349480628967285, 1.3349485397338867, 1.3349485397338867, 1.3349485397338867, 1.3349485397338867, 1.3349485397338867, 1.3349485397338867, 1.334949016571045, 1.334949016571045, 1.334949016571045, 1.334949016571045, 1.334949016571045, 1.334949016571045, 1.3349486589431763, 1.3349486589431763, 1.3349486589431763, 1.3349486589431763, 1.3349486589431763, 1.3349486589431763, 1.3349483013153076, 1.3349483013153076, 1.3349483013153076, 1.3349483013153076, 1.3349483013153076, 1.3349483013153076]
intensities: []
