header: 
  seq: 129554
  stamp: 
    secs: 1609914495
    nsecs: 997644469
  frame_id: "SimpleFlight"
height: 1
width: 1024
fields: 
  - 
    name: "x"
    offset: 0
    datatype: 7
    count: 1
  - 
    name: "y"
    offset: 4
    datatype: 7
    count: 1
  - 
    name: "z"
    offset: 8
    datatype: 7
    count: 1
is_bigendian: False
point_step: 12
row_step: 12288
data: [48, 120, 141, 65, 225, 25, 112, 65, 247, 157, 95, 63, 184, 228, 138, 65, 10, 44, 107, 65, 247, 157, 95, 63, 161, 147, 136, 65, 179, 192, 101, 65, 247, 157, 95, 63, 223, 138, 134, 65, 179, 229, 95, 65, 247, 157, 95, 63, 164, 207, 132, 65, 25, 170, 89, 65, 247, 157, 95, 63, 100, 102, 131, 65, 215, 29, 83, 65, 247, 157, 95, 63, 187, 82, 130, 65, 194, 81, 76, 65, 247, 157, 95, 63, 115, 151, 129, 65, 71, 87, 69, 65, 247, 157, 95, 63, 100, 54, 129, 65, 82, 64, 62, 65, 247, 157, 95, 63, 141, 48, 129, 65, 20, 31, 55, 65, 247, 157, 95, 63, 251, 133, 129, 65, 205, 5, 48, 65, 247, 157, 95, 63, 210, 53, 130, 65, 174, 6, 41, 65, 247, 157, 95, 63, 82, 62, 131, 65, 174, 51, 34, 65, 247, 157, 95, 63, 207, 156, 132, 65, 92, 158, 27, 65, 247, 157, 95, 63, 199, 77, 134, 65, 133, 87, 21, 65, 247, 157, 95, 63, 235, 76, 136, 65, 71, 111, 15, 65, 247, 157, 95, 63, 20, 149, 138, 65, 215, 244, 9, 65, 247, 157, 95, 63, 107, 32, 141, 65, 71, 246, 4, 65, 247, 157, 95, 63, 102, 232, 143, 65, 82, 128, 0, 65, 247, 157, 95, 63, 235, 229, 146, 65, 204, 60, 249, 64, 247, 157, 95, 63, 64, 17, 150, 65, 30, 181, 242, 64, 247, 157, 95, 63, 84, 98, 153, 65, 61, 122, 237, 64, 247, 157, 95, 63, 153, 208, 156, 65, 153, 153, 233, 64, 247, 157, 95, 63, 74, 83, 160, 65, 51, 29, 231, 64, 247, 157, 95, 63, 97, 225, 163, 65, 71, 11, 230, 64, 247, 157, 95, 63, 187, 113, 167, 65, 174, 102, 230, 64, 247, 157, 95, 63, 205, 204, 168, 65, 179, 186, 12, 65, 33, 176, 232, 62, 205, 204, 168, 65, 193, 183, 29, 65, 139, 13, 53, 62, 205, 204, 168, 65, 74, 203, 37, 65, 230, 164, 70, 61, 205, 204, 168, 65, 0, 151, 42, 65, 174, 178, 202, 188, 205, 204, 168, 65, 244, 209, 45, 65, 100, 159, 146, 189, 205, 204, 168, 65, 64, 47, 48, 65, 79, 109, 212, 189, 205, 204, 168, 65, 196, 5, 50, 65, 45, 208, 1, 190, 205, 204, 168, 65, 230, 132, 51, 65, 96, 58, 19, 190, 205, 204, 168, 65, 217, 200, 52, 65, 34, 72, 32, 190, 205, 204, 168, 65, 151, 227, 53, 65, 45, 26, 42, 190, 205, 204, 168, 65, 74, 225, 54, 65, 45, 106, 49, 190, 205, 204, 168, 65, 162, 202, 55, 65, 167, 177, 54, 190, 205, 204, 168, 65, 52, 166, 56, 65, 45, 64, 58, 190, 205, 204, 168, 65, 71, 121, 57, 65, 116, 71, 60, 190, 205, 204, 168, 65, 103, 72, 58, 65, 157, 226, 60, 190, 205, 204, 168, 65, 203, 23, 59, 65, 126, 25, 60, 190, 205, 204, 168, 65, 178, 235, 59, 65, 239, 225, 57, 190, 205, 204, 168, 65, 183, 200, 60, 65, 24, 30, 54, 190, 205, 204, 168, 65, 69, 180, 61, 65, 249, 152, 48, 190, 205, 204, 168, 65, 39, 181, 62, 65, 116, 254, 40, 190, 205, 204, 168, 65, 107, 212, 63, 65, 34, 206, 30, 190, 205, 204, 168, 65, 206, 30, 65, 65, 249, 67, 17, 190, 205, 204, 168, 65, 75, 167, 66, 65, 38, 91, 254, 189, 205, 204, 168, 65, 230, 139, 68, 65, 38, 49, 205, 189, 205, 204, 168, 65, 151, 255, 70, 65, 253, 82, 136, 189, 205, 204, 168, 65, 2, 97, 74, 65, 112, 176, 140, 188, 205, 204, 168, 65, 212, 118, 79, 65, 179, 149, 121, 61, 205, 204, 168, 65, 91, 54, 88, 65, 252, 82, 77, 62, 205, 204, 168, 65, 99, 104, 107, 65, 57, 224, 3, 63, 196, 252, 166, 65, 130, 169, 128, 65, 247, 157, 95, 63, 46, 108, 163, 65, 161, 180, 128, 65, 247, 157, 95, 63, 13, 223, 159, 65, 120, 100, 128, 65, 247, 157, 95, 63, 125, 94, 156, 65, 158, 115, 127, 65, 247, 157, 95, 63, 123, 243, 152, 65, 199, 108, 125, 65, 247, 157, 95, 63, 202, 166, 149, 65, 148, 185, 122, 65, 247, 157, 95, 63, 223, 128, 146, 65, 235, 96, 119, 65, 247, 157, 95, 63, 212, 137, 143, 65, 112, 107, 115, 65, 247, 157, 95, 63, 61, 201, 140, 65, 61, 227, 110, 65, 247, 157, 95, 63, 92, 89, 144, 65, 163, 113, 105, 65, 247, 157, 95, 63, 100, 23, 142, 65, 194, 31, 101, 65, 247, 157, 95, 63, 151, 15, 140, 65, 215, 95, 96, 65, 247, 157, 95, 63, 46, 71, 138, 65, 25, 62, 91, 65, 247, 157, 95, 63, 184, 194, 136, 65, 169, 199, 85, 65, 247, 157, 95, 63, 31, 134, 135, 65, 143, 10, 80, 65, 247, 157, 95, 63, 135, 148, 134, 65, 133, 21, 74, 65, 247, 157, 95, 63, 100, 240, 133, 65, 210, 247, 67, 65, 247, 157, 95, 63, 84, 155, 133, 65, 36, 193, 61, 65, 247, 157, 95, 63, 54, 150, 133, 65, 123, 129, 55, 65, 247, 157, 95, 63, 20, 225, 133, 65, 194, 72, 49, 65, 245, 157, 95, 63, 46, 123, 134, 65, 0, 39, 43, 65, 247, 157, 95, 63, 253, 98, 135, 65, 215, 43, 37, 65, 247, 157, 95, 63, 46, 150, 136, 65, 205, 102, 31, 65, 245, 157, 95, 63, 166, 17, 138, 65, 133, 230, 25, 65, 247, 157, 95, 63, 159, 209, 139, 65, 51, 185, 20, 65, 247, 157, 95, 63, 151, 209, 141, 65, 20, 236, 15, 65, 247, 157, 95, 63, 110, 12, 144, 65, 123, 139, 11, 65, 247, 157, 95, 63, 112, 124, 146, 65, 164, 162, 7, 65, 247, 157, 95, 63, 87, 27, 149, 65, 143, 59, 4, 65, 247, 157, 95, 63, 110, 226, 151, 65, 0, 95, 1, 65, 247, 157, 95, 63, 146, 202, 154, 65, 143, 40, 254, 64, 247, 157, 95, 63, 79, 204, 157, 65, 163, 194, 250, 64, 247, 157, 95, 63, 240, 223, 160, 65, 225, 148, 248, 64, 247, 157, 95, 63, 143, 253, 163, 65, 225, 164, 247, 64, 247, 157, 95, 63, 43, 29, 167, 65, 229, 244, 247, 64, 247, 157, 95, 63, 205, 204, 168, 65, 179, 186, 12, 65, 32, 71, 16, 63, 205, 204, 168, 65, 194, 183, 29, 65, 180, 178, 124, 62, 205, 204, 168, 65, 74, 203, 37, 65, 23, 143, 205, 61, 205, 204, 168, 65, 1, 151, 42, 65, 153, 166, 137, 60, 205, 204, 168, 65, 246, 209, 45, 65, 5, 33, 22, 189, 205, 204, 168, 65, 64, 47, 48, 65, 182, 37, 150, 189, 205, 204, 168, 65, 196, 5, 50, 65, 89, 0, 204, 189, 205, 204, 168, 65, 230, 132, 51, 65, 7, 190, 243, 189, 205, 204, 168, 65, 217, 200, 52, 65, 249, 195, 8, 190, 205, 204, 168, 65, 151, 227, 53, 65, 137, 248, 19, 190, 205, 204, 168, 65, 74, 225, 54, 65, 116, 80, 28, 190, 205, 204, 168, 65, 164, 202, 55, 65, 137, 86, 34, 190, 205, 204, 168, 65, 52, 166, 56, 65, 96, 101, 38, 190, 205, 204, 168, 65, 71, 121, 57, 65, 239, 181, 40, 190, 205, 204, 168, 65, 103, 72, 58, 65, 239, 102, 41, 190, 205, 204, 168, 65, 203, 23, 59, 65, 126, 129, 40, 190, 205, 204, 168, 65, 178, 235, 59, 65, 229, 249, 37, 190, 205, 204, 168, 65, 183, 200, 60, 65, 45, 174, 33, 190, 205, 204, 168, 65, 69, 180, 61, 65, 198, 97, 27, 190, 205, 204, 168, 65, 41, 181, 62, 65, 198, 180, 18, 190, 205, 204, 168, 65, 107, 212, 63, 65, 178, 20, 7, 190, 205, 204, 168, 65, 206, 30, 65, 65, 161, 67, 239, 189, 205, 204, 168, 65, 75, 167, 66, 65, 253, 252, 197, 189, 205, 204, 168, 65, 230, 139, 68, 65, 89, 228, 141, 189, 205, 204, 168, 65, 151, 255, 70, 65, 102, 65, 253, 188, 205, 204, 168, 65, 2, 97, 74, 65, 225, 103, 208, 60, 205, 204, 168, 65, 212, 118, 79, 65, 238, 158, 234, 61, 205, 204, 168, 65, 88, 54, 88, 65, 13, 50, 140, 62, 205, 204, 168, 65, 98, 104, 107, 65, 234, 255, 33, 63, 169, 182, 166, 65, 235, 137, 120, 65, 247, 157, 95, 63, 217, 150, 163, 65, 112, 157, 120, 65, 248, 157, 95, 63, 18, 122, 160, 65, 230, 16, 120, 65, 247, 157, 95, 63, 77, 104, 157, 65, 199, 229, 118, 65, 247, 157, 95, 63, 107, 105, 154, 65, 10, 31, 117, 65, 247, 157, 95, 63, 28, 133, 151, 65, 61, 193, 114, 65, 247, 157, 95, 63, 202, 194, 148, 65, 117, 210, 111, 65, 247, 157, 95, 63, 141, 41, 146, 65, 56, 90, 108, 65, 245, 157, 95, 63, 10, 192, 143, 65, 102, 97, 104, 65, 247, 157, 95, 63, 102, 163, 146, 65, 210, 38, 100, 65, 247, 157, 95, 63, 56, 162, 144, 65, 230, 80, 96, 65, 247, 157, 95, 63, 174, 212, 142, 65, 71, 25, 92, 65, 247, 157, 95, 63, 110, 63, 141, 65, 204, 138, 87, 65, 247, 157, 95, 63, 133, 230, 139, 65, 30, 177, 82, 65, 247, 157, 95, 63, 105, 205, 138, 65, 179, 152, 77, 65, 247, 157, 95, 63, 228, 246, 137, 65, 153, 78, 72, 65, 247, 157, 95, 63, 38, 101, 137, 65, 102, 224, 66, 65, 247, 157, 95, 63, 159, 25, 137, 65, 10, 92, 61, 65, 247, 157, 95, 63, 20, 21, 137, 65, 174, 207, 55, 65, 247, 157, 95, 63, 143, 87, 137, 65, 133, 73, 50, 65, 247, 157, 95, 63, 100, 224, 137, 65, 174, 215, 44, 65, 247, 157, 95, 63, 54, 174, 138, 65, 51, 136, 39, 65, 247, 157, 95, 63, 246, 190, 139, 65, 184, 104, 34, 65, 247, 157, 95, 63, 230, 15, 141, 65, 71, 134, 29, 65, 247, 157, 95, 63, 169, 157, 142, 65, 133, 237, 24, 65, 247, 157, 95, 63, 64, 100, 144, 65, 51, 170, 20, 65, 247, 157, 95, 63, 25, 95, 146, 65, 51, 199, 16, 65, 247, 157, 95, 63, 38, 137, 148, 65, 133, 78, 13, 65, 247, 157, 95, 63, 220, 220, 150, 65, 31, 73, 10, 65, 247, 157, 95, 63, 59, 84, 153, 65, 164, 190, 7, 65, 247, 157, 95, 63, 246, 232, 155, 65, 184, 181, 5, 65, 247, 157, 95, 63, 105, 148, 158, 65, 133, 51, 4, 65, 247, 157, 95, 63, 194, 79, 161, 65, 225, 59, 3, 65, 247, 157, 95, 63, 248, 19, 164, 65, 82, 209, 2, 65, 247, 157, 95, 63, 242, 217, 166, 65, 216, 244, 2, 65, 247, 157, 95, 63, 205, 204, 168, 65, 178, 186, 12, 65, 150, 208, 44, 63, 205, 204, 168, 65, 193, 183, 29, 65, 233, 241, 162, 62, 205, 204, 168, 65, 74, 203, 37, 65, 119, 11, 29, 62, 205, 204, 168, 65, 1, 151, 42, 65, 107, 172, 114, 61, 205, 204, 168, 65, 246, 209, 45, 65, 215, 3, 123, 186, 205, 204, 168, 65, 64, 47, 48, 65, 189, 11, 45, 189, 205, 204, 168, 65, 196, 5, 50, 65, 38, 45, 147, 189, 205, 204, 168, 65, 230, 132, 51, 65, 38, 239, 191, 189, 205, 204, 168, 65, 217, 200, 52, 65, 202, 123, 225, 189, 205, 204, 168, 65, 151, 227, 53, 65, 38, 185, 250, 189, 205, 204, 168, 65, 74, 225, 54, 65, 45, 194, 6, 190, 205, 204, 168, 65, 164, 202, 55, 65, 229, 138, 13, 190, 205, 204, 168, 65, 52, 166, 56, 65, 239, 28, 18, 190, 205, 204, 168, 65, 71, 121, 57, 65, 65, 184, 20, 190, 205, 204, 168, 65, 103, 72, 58, 65, 167, 127, 21, 190, 205, 204, 168, 65, 203, 23, 59, 65, 65, 125, 20, 190, 205, 204, 168, 65, 178, 235, 59, 65, 208, 163, 17, 190, 205, 204, 168, 65, 183, 200, 60, 65, 75, 205, 12, 190, 205, 204, 168, 65, 69, 180, 61, 65, 96, 181, 5, 190, 205, 204, 168, 65, 39, 181, 62, 65, 243, 223, 247, 189, 205, 204, 168, 65, 107, 212, 63, 65, 89, 176, 221, 189, 205, 204, 168, 65, 206, 30, 65, 65, 243, 227, 186, 189, 205, 204, 168, 65, 75, 167, 66, 65, 79, 103, 140, 189, 205, 204, 168, 65, 230, 139, 68, 65, 148, 115, 26, 189, 205, 204, 168, 65, 151, 255, 70, 65, 245, 92, 180, 59, 205, 204, 168, 65, 2, 97, 74, 65, 13, 66, 141, 61, 205, 204, 168, 65, 212, 118, 79, 65, 16, 105, 45, 62, 205, 204, 168, 65, 89, 54, 88, 65, 23, 138, 178, 62, 174, 64, 169, 65, 184, 238, 112, 65, 247, 157, 95, 63, 237, 126, 166, 65, 240, 141, 113, 65, 247, 157, 95, 63, 197, 184, 163, 65, 66, 159, 113, 65, 247, 157, 95, 63, 77, 245, 160, 65, 128, 34, 113, 65, 247, 157, 95, 63, 156, 59, 158, 65, 225, 24, 112, 65, 247, 157, 95, 63, 179, 146, 155, 65, 30, 133, 110, 65, 247, 157, 95, 63, 94, 1, 153, 65, 56, 107, 108, 65, 247, 157, 95, 63, 59, 142, 150, 65, 153, 208, 105, 65, 247, 157, 95, 63, 141, 63, 148, 65, 240, 187, 102, 65, 247, 157, 95, 63, 66, 27, 146, 65, 25, 53, 99, 65, 247, 157, 95, 63, 133, 129, 148, 65, 128, 213, 95, 65, 245, 157, 95, 63, 46, 181, 146, 65, 179, 100, 92, 65, 248, 157, 95, 63, 48, 23, 145, 65, 71, 156, 88, 65, 248, 157, 95, 63, 174, 171, 143, 65, 240, 133, 84, 65, 248, 157, 95, 63, 74, 118, 142, 65, 41, 44, 80, 65, 248, 157, 95, 63, 31, 122, 141, 65, 25, 154, 75, 65, 248, 157, 95, 63, 182, 185, 140, 65, 112, 219, 70, 65, 248, 157, 95, 63, 251, 54, 140, 65, 112, 252, 65, 65, 247, 157, 95, 63, 59, 243, 139, 65, 138, 9, 61, 65, 248, 157, 95, 63, 38, 239, 139, 65, 123, 15, 56, 65, 245, 157, 95, 63, 202, 42, 140, 65, 245, 26, 51, 65, 247, 157, 95, 63, 133, 165, 140, 65, 174, 56, 46, 65, 245, 157, 95, 63, 38, 94, 141, 65, 61, 117, 41, 65, 248, 157, 95, 63, 207, 82, 142, 65, 215, 220, 36, 65, 248, 157, 95, 63, 10, 129, 143, 65, 51, 123, 32, 65, 248, 157, 95, 63, 212, 229, 144, 65, 164, 91, 28, 65, 248, 157, 95, 63, 153, 125, 146, 65, 174, 136, 24, 65, 248, 157, 95, 63, 64, 68, 148, 65, 41, 12, 21, 65, 248, 157, 95, 63, 59, 53, 150, 65, 10, 239, 17, 65, 245, 157, 95, 63, 151, 75, 152, 65, 71, 57, 15, 65, 248, 157, 95, 63, 238, 129, 154, 65, 215, 241, 12, 65, 248, 157, 95, 63, 156, 210, 156, 65, 143, 30, 11, 65, 248, 157, 95, 63, 174, 55, 159, 65, 31, 196, 9, 65, 248, 157, 95, 63, 251, 170, 161, 65, 0, 230, 8, 65, 248, 157, 95, 63, 64, 38, 164, 65, 102, 134, 8, 65, 247, 157, 95, 63, 27, 163, 166, 65, 70, 166, 8, 65, 247, 157, 95, 63, 51, 27, 169, 65, 102, 69, 9, 65, 248, 157, 95, 63, 205, 204, 168, 65, 193, 183, 29, 65, 115, 110, 200, 62, 205, 204, 168, 65, 74, 203, 37, 65, 139, 161, 84, 62, 205, 204, 168, 65, 1, 151, 42, 65, 115, 96, 210, 61, 205, 204, 168, 65, 246, 209, 45, 65, 118, 215, 17, 61, 205, 204, 168, 65, 64, 47, 48, 65, 102, 204, 42, 188, 205, 204, 168, 65, 196, 5, 50, 65, 66, 239, 49, 189, 205, 204, 168, 65, 230, 132, 51, 65, 100, 221, 138, 189, 205, 204, 168, 65, 217, 200, 52, 65, 48, 68, 176, 189, 205, 204, 168, 65, 151, 227, 53, 65, 141, 103, 204, 189, 205, 204, 168, 65, 74, 225, 54, 65, 18, 91, 225, 189, 205, 204, 168, 65, 162, 202, 55, 65, 99, 123, 240, 189, 205, 204, 168, 65, 52, 166, 56, 65, 48, 172, 250, 189, 205, 204, 168, 65, 71, 121, 57, 65, 4, 62, 0, 190, 205, 204, 168, 65, 103, 72, 58, 65, 75, 28, 1, 190, 205, 204, 168, 65, 203, 23, 59, 65, 110, 248, 255, 189, 205, 204, 168, 65, 178, 235, 59, 65, 48, 158, 249, 189, 205, 204, 168, 65, 183, 200, 60, 65, 171, 212, 238, 189, 205, 204, 168, 65, 69, 180, 61, 65, 181, 3, 223, 189, 205, 204, 168, 65, 39, 181, 62, 65, 130, 58, 201, 189, 205, 204, 168, 65, 107, 212, 63, 65, 38, 9, 172, 189, 205, 204, 168, 65, 206, 30, 65, 65, 243, 61, 133, 189, 205, 204, 168, 65, 75, 167, 66, 65, 169, 213, 34, 189, 205, 204, 168, 65, 230, 139, 68, 65, 10, 195, 175, 187, 205, 204, 168, 65, 151, 255, 70, 65, 97, 89, 47, 61, 205, 204, 168, 65, 2, 97, 74, 65, 248, 149, 232, 61, 205, 204, 168, 65, 212, 118, 79, 65, 16, 224, 102, 62, 205, 204, 168, 65, 89, 54, 88, 65, 33, 209, 217, 62, 130, 202, 168, 65, 102, 76, 107, 65, 248, 157, 95, 63, 118, 81, 166, 65, 56, 219, 107, 65, 248, 157, 95, 63, 115, 212, 163, 65, 194, 234, 107, 65, 248, 157, 95, 63, 217, 89, 161, 65, 215, 122, 107, 65, 248, 157, 95, 63, 5, 232, 158, 65, 153, 140, 106, 65, 248, 157, 95, 63, 59, 133, 156, 65, 107, 34, 105, 65, 248, 157, 95, 63, 156, 55, 154, 65, 235, 63, 103, 65, 248, 157, 95, 63, 15, 5, 152, 65, 245, 233, 100, 65, 248, 157, 95, 63, 54, 243, 149, 65, 133, 38, 98, 65, 248, 157, 95, 63, 102, 7, 148, 65, 174, 252, 94, 65, 248, 157, 95, 63, 230, 15, 150, 65, 138, 60, 92, 65, 247, 157, 95, 63, 156, 111, 148, 65, 251, 31, 89, 65, 247, 157, 95, 63, 56, 249, 146, 65, 56, 180, 85, 65, 245, 157, 95, 63, 123, 176, 145, 65, 0, 2, 82, 65, 248, 157, 95, 63, 179, 152, 144, 65, 194, 18, 78, 65, 247, 157, 95, 63, 169, 180, 143, 65, 158, 240, 73, 65, 247, 157, 95, 63, 169, 6, 143, 65, 51, 166, 69, 65, 248, 157, 95, 63, 107, 144, 142, 65, 128, 62, 65, 65, 247, 157, 95, 63, 41, 83, 142, 65, 205, 196, 60, 65, 247, 157, 95, 63, 120, 79, 142, 65, 164, 68, 56, 65, 245, 157, 95, 63, 102, 133, 142, 65, 123, 201, 51, 65, 248, 157, 95, 63, 102, 244, 142, 65, 215, 94, 47, 65, 247, 157, 95, 63, 92, 155, 143, 65, 10, 16, 43, 65, 245, 157, 95, 63, 156, 120, 144, 65, 51, 232, 38, 65, 247, 157, 95, 63, 238, 137, 145, 65, 215, 241, 34, 65, 247, 157, 95, 63, 148, 204, 146, 65, 71, 55, 31, 65, 248, 157, 95, 63, 84, 61, 148, 65, 0, 194, 27, 65, 247, 157, 95, 63, 125, 216, 149, 65, 225, 154, 24, 65, 247, 157, 95, 63, 238, 153, 151, 65, 10, 202, 21, 65, 247, 157, 95, 63, 38, 125, 153, 65, 153, 86, 19, 65, 247, 157, 95, 63, 82, 125, 155, 65, 0, 71, 17, 65, 247, 157, 95, 63, 74, 149, 157, 65, 112, 160, 15, 65, 247, 157, 95, 63, 179, 191, 159, 65, 41, 103, 14, 65, 248, 157, 95, 63, 0, 247, 161, 65, 61, 158, 13, 65, 245, 157, 95, 63, 125, 53, 164, 65, 205, 71, 13, 65, 247, 157, 95, 63, 103, 117, 166, 65, 164, 100, 13, 65, 248, 157, 95, 63, 2, 177, 168, 65, 130, 244, 13, 65, 247, 157, 95, 63, 205, 204, 168, 65, 192, 183, 29, 65, 212, 239, 238, 62, 205, 204, 168, 65, 74, 203, 37, 65, 34, 221, 134, 62, 205, 204, 168, 65, 1, 151, 42, 65, 252, 234, 22, 62, 205, 204, 168, 65, 244, 209, 45, 65, 156, 214, 149, 61, 205, 204, 168, 65, 64, 47, 48, 65, 51, 96, 182, 60, 205, 204, 168, 65, 196, 5, 50, 65, 30, 107, 105, 188, 205, 204, 168, 65, 230, 132, 51, 65, 5, 181, 40, 189, 205, 204, 168, 65, 217, 200, 52, 65, 138, 108, 123, 189, 205, 204, 168, 65, 151, 227, 53, 65, 161, 211, 156, 189, 205, 204, 168, 65, 74, 225, 54, 65, 171, 254, 179, 189, 205, 204, 168, 65, 162, 202, 55, 65, 151, 184, 196, 189, 205, 204, 168, 65, 52, 166, 56, 65, 100, 253, 207, 189, 205, 204, 168, 65, 71, 121, 57, 65, 171, 106, 214, 189, 205, 204, 168, 65, 103, 72, 58, 65, 48, 86, 216, 189, 205, 204, 168, 65, 203, 23, 59, 65, 38, 217, 213, 189, 205, 204, 168, 65, 178, 235, 59, 65, 212, 210, 206, 189, 205, 204, 168, 65, 183, 200, 60, 65, 38, 229, 194, 189, 205, 204, 168, 65, 69, 180, 61, 65, 243, 103, 177, 189, 205, 204, 168, 65, 39, 181, 62, 65, 171, 80, 153, 189, 205, 204, 168, 65, 107, 212, 63, 65, 87, 17, 114, 189, 205, 204, 168, 65, 206, 30, 65, 65, 128, 69, 28, 189, 205, 204, 168, 65, 75, 167, 66, 65, 225, 160, 38, 188, 205, 204, 168, 65, 230, 139, 68, 65, 133, 56, 228, 60, 205, 204, 168, 65, 151, 255, 70, 65, 23, 39, 166, 61, 205, 204, 168, 65, 2, 97, 74, 65, 119, 50, 35, 62, 205, 204, 168, 65, 212, 118, 79, 65, 111, 243, 144, 62, 205, 204, 168, 65, 89, 54, 88, 65, 165, 20, 1, 63, 14, 104, 168, 65, 164, 154, 102, 65, 247, 157, 95, 63, 146, 43, 166, 65, 204, 27, 103, 65, 245, 157, 95, 63, 128, 235, 163, 65, 215, 41, 103, 65, 248, 157, 95, 63, 158, 173, 161, 65, 158, 196, 102, 65, 245, 157, 95, 63, 171, 119, 159, 65, 46, 237, 101, 65, 247, 157, 95, 63, 82, 79, 157, 65, 169, 165, 100, 65, 247, 157, 95, 63, 25, 58, 155, 65, 76, 241, 98, 65, 247, 157, 95, 63, 94, 61, 153, 65, 143, 212, 96, 65, 247, 157, 95, 63, 56, 94, 151, 65, 204, 84, 94, 65, 247, 157, 95, 63, 118, 161, 149, 65, 112, 120, 91, 65, 247, 157, 95, 63, 182, 97, 151, 65, 143, 47, 89, 65, 247, 157, 95, 63, 194, 230, 149, 65, 123, 90, 86, 65, 245, 157, 95, 63, 246, 145, 148, 65, 71, 61, 83, 65, 247, 157, 95, 63, 184, 102, 147, 65, 240, 223, 79, 65, 245, 157, 95, 63, 7, 104, 146, 65, 15, 75, 76, 65, 247, 157, 95, 63, 115, 152, 145, 65, 220, 135, 72, 65, 247, 157, 95, 63, 13, 250, 144, 65, 251, 159, 68, 65, 247, 157, 95, 63, 110, 142, 144, 65, 112, 157, 64, 65, 245, 157, 95, 63, 171, 86, 144, 65, 133, 138, 60, 65, 245, 157, 95, 63, 79, 83, 144, 65, 194, 113, 56, 65, 245, 157, 95, 63, 102, 132, 144, 65, 123, 93, 52, 65, 245, 157, 95, 63, 112, 233, 144, 65, 71, 88, 48, 65, 245, 157, 95, 63, 107, 129, 145, 65, 102, 108, 44, 65, 245, 157, 95, 63, 210, 74, 146, 65, 246, 163, 40, 65, 247, 157, 95, 63, 161, 67, 147, 65, 164, 8, 37, 65, 245, 157, 95, 63, 84, 105, 148, 65, 184, 163, 33, 65, 245, 157, 95, 63, 0, 185, 149, 65, 215, 125, 30, 65, 245, 157, 95, 63, 69, 47, 151, 65, 30, 159, 27, 65, 247, 157, 95, 63, 100, 200, 152, 65, 246, 14, 25, 65, 245, 157, 95, 63, 69, 128, 154, 65, 215, 211, 22, 65, 247, 157, 95, 63, 123, 82, 156, 65, 143, 243, 20, 65, 245, 157, 95, 63, 94, 58, 158, 65, 225, 114, 19, 65, 247, 157, 95, 63, 10, 51, 160, 65, 184, 85, 18, 65, 247, 157, 95, 63, 115, 55, 162, 65, 215, 158, 17, 65, 247, 157, 95, 63, 102, 66, 164, 65, 41, 80, 17, 65, 245, 157, 95, 63, 167, 78, 166, 65, 100, 106, 17, 65, 247, 157, 95, 63, 252, 86, 168, 65, 89, 237, 17, 65, 247, 157, 95, 63, 205, 204, 168, 65, 192, 183, 29, 65, 234, 76, 11, 63, 205, 204, 168, 65, 73, 203, 37, 65, 110, 69, 164, 62, 205, 204, 168, 65, 0, 151, 42, 65, 27, 6, 70, 62, 205, 204, 168, 65, 246, 209, 45, 65, 248, 17, 229, 61, 205, 204, 168, 65, 64, 47, 48, 65, 169, 26, 101, 61, 205, 204, 168, 65, 196, 5, 50, 65, 246, 165, 129, 60, 205, 204, 168, 65, 230, 132, 51, 65, 10, 157, 97, 188, 205, 204, 168, 65, 217, 200, 52, 65, 169, 69, 19, 189, 205, 204, 168, 65, 151, 227, 53, 65, 117, 162, 87, 189, 205, 204, 168, 65, 74, 225, 54, 65, 192, 68, 133, 189, 205, 204, 168, 65, 164, 202, 55, 65, 192, 164, 151, 189, 205, 204, 168, 65, 52, 166, 56, 65, 202, 5, 164, 189, 205, 204, 168, 65, 71, 121, 57, 65, 38, 21, 171, 189, 205, 204, 168, 65, 103, 72, 58, 65, 59, 49, 173, 189, 205, 204, 168, 65, 203, 23, 59, 65, 100, 117, 170, 189, 205, 204, 168, 65, 178, 235, 59, 65, 202, 189, 162, 189, 205, 204, 168, 65, 183, 200, 60, 65, 38, 163, 149, 189, 205, 204, 168, 65, 69, 180, 61, 65, 171, 108, 130, 189, 205, 204, 168, 65, 39, 181, 62, 65, 66, 235, 79, 189, 205, 204, 168, 65, 107, 212, 63, 65, 77, 254, 8, 189, 205, 204, 168, 65, 206, 30, 65, 65, 143, 248, 42, 188, 205, 204, 168, 65, 75, 167, 66, 65, 164, 85, 166, 60, 205, 204, 168, 65, 230, 139, 68, 65, 56, 73, 126, 61, 205, 204, 168, 65, 151, 255, 70, 65, 33, 254, 246, 61, 205, 204, 168, 65, 2, 97, 74, 65, 78, 131, 83, 62, 205, 204, 168, 65, 212, 118, 79, 65, 54, 90, 175, 62, 205, 204, 168, 65, 89, 54, 88, 65, 37, 220, 21, 63, 146, 20, 168, 65, 143, 159, 98, 65, 247, 157, 95, 63, 114, 11, 166, 65, 30, 21, 99, 65, 247, 157, 95, 63, 15, 255, 163, 65, 235, 33, 99, 65, 247, 157, 95, 63, 169, 244, 161, 65, 204, 197, 98, 65, 247, 157, 95, 63, 123, 241, 159, 65, 169, 1, 98, 65, 247, 157, 95, 63, 171, 250, 157, 65, 133, 215, 96, 65, 247, 157, 95, 63, 77, 21, 156, 65, 82, 74, 95, 65, 245, 157, 95, 63, 54, 70, 154, 65, 20, 94, 93, 65, 247, 157, 95, 63, 10, 146, 152, 65, 184, 23, 91, 65, 247, 157, 95, 63, 43, 253, 150, 65, 15, 125, 88, 65, 245, 157, 95, 63, 115, 132, 152, 65, 102, 143, 86, 65, 247, 157, 95, 63, 164, 41, 151, 65, 215, 247, 83, 65, 247, 157, 95, 63, 192, 241, 149, 65, 61, 30, 81, 65, 247, 157, 95, 63, 228, 223, 148, 65, 245, 9, 78, 65, 247, 157, 95, 63, 207, 246, 147, 65, 220, 194, 74, 65, 247, 157, 95, 63, 215, 56, 147, 65, 92, 81, 71, 65, 247, 157, 95, 63, 223, 167, 146, 65, 71, 190, 67, 65, 247, 157, 95, 63, 97, 69, 146, 65, 205, 18, 64, 65, 247, 157, 95, 63, 87, 18, 146, 65, 92, 88, 60, 65, 247, 157, 95, 63, 71, 15, 146, 65, 143, 152, 56, 65, 247, 157, 95, 63, 51, 60, 146, 65, 215, 220, 52, 65, 247, 157, 95, 63, 171, 152, 146, 65, 235, 46, 49, 65, 247, 157, 95, 63, 194, 35, 147, 65, 51, 152, 45, 65, 247, 157, 95, 63, 20, 220, 147, 65, 235, 33, 42, 65, 247, 157, 95, 63, 197, 191, 148, 65, 235, 212, 38, 65, 247, 157, 95, 63, 143, 204, 149, 65, 174, 185, 35, 65, 247, 157, 95, 63, 197, 255, 150, 65, 51, 216, 32, 65, 247, 157, 95, 63, 74, 86, 152, 65, 205, 55, 30, 65, 247, 157, 95, 63, 182, 204, 153, 65, 71, 223, 27, 65, 247, 157, 95, 63, 71, 95, 155, 65, 153, 212, 25, 65, 247, 157, 95, 63, 243, 9, 157, 65, 10, 29, 24, 65, 247, 157, 95, 63, 115, 200, 158, 65, 0, 189, 22, 65, 247, 157, 95, 63, 82, 150, 160, 65, 0, 184, 21, 65, 247, 157, 95, 63, 238, 110, 162, 65, 164, 16, 21, 65, 247, 157, 95, 63, 133, 77, 164, 65, 164, 200, 20, 65, 247, 157, 95, 63, 78, 45, 166, 65, 165, 224, 20, 65, 245, 157, 95, 63, 128, 9, 168, 65, 128, 88, 21, 65, 247, 157, 95, 63, 205, 204, 168, 65, 193, 183, 29, 65, 249, 201, 31, 63, 205, 204, 168, 65, 74, 203, 37, 65, 228, 166, 194, 62, 205, 204, 168, 65, 1, 151, 42, 65, 88, 176, 118, 62, 205, 204, 168, 65, 246, 209, 45, 65, 119, 118, 27, 62, 205, 204, 168, 65, 64, 47, 48, 65, 23, 203, 185, 61, 205, 204, 168, 65, 196, 5, 50, 65, 230, 20, 64, 61, 205, 204, 168, 65, 230, 132, 51, 65, 20, 120, 110, 60, 205, 204, 168, 65, 217, 200, 52, 65, 61, 176, 30, 188, 205, 204, 168, 65, 151, 227, 53, 65, 225, 189, 228, 188, 205, 204, 168, 65, 74, 225, 54, 65, 169, 253, 41, 189, 205, 204, 168, 65, 164, 202, 55, 65, 128, 37, 82, 189, 205, 204, 168, 65, 52, 166, 56, 65, 25, 51, 109, 189, 205, 204, 168, 65, 71, 121, 57, 65, 220, 160, 124, 189, 205, 204, 168, 65, 103, 72, 58, 65, 130, 158, 128, 189, 205, 204, 168, 65, 203, 23, 59, 65, 148, 67, 123, 189, 205, 204, 168, 65, 178, 235, 59, 65, 76, 102, 106, 189, 205, 204, 168, 65, 183, 200, 60, 65, 107, 195, 77, 189, 205, 204, 168, 65, 69, 180, 61, 65, 158, 198, 35, 189, 205, 204, 168, 65, 41, 181, 62, 65, 20, 225, 211, 188, 205, 204, 168, 65, 107, 212, 63, 65, 112, 137, 227, 187, 205, 204, 168, 65, 206, 30, 65, 65, 235, 22, 149, 60, 205, 204, 168, 65, 75, 167, 66, 65, 25, 32, 84, 61, 205, 204, 168, 65, 230, 139, 68, 65, 43, 141, 199, 61, 205, 204, 168, 65, 151, 255, 70, 65, 16, 65, 37, 62, 205, 204, 168, 65, 2, 97, 74, 65, 228, 182, 130, 62, 205, 204, 168, 65, 212, 118, 79, 65, 166, 194, 206, 62, 205, 204, 168, 65, 91, 54, 88, 65, 201, 83, 43, 63, 184, 204, 167, 65, 123, 50, 95, 65, 247, 157, 95, 63, 203, 239, 165, 65, 20, 158, 95, 65, 247, 157, 95, 63, 228, 15, 164, 65, 199, 169, 95, 65, 247, 157, 95, 63, 202, 49, 162, 65, 117, 85, 95, 65, 247, 157, 95, 63, 79, 90, 160, 65, 251, 161, 94, 65, 247, 157, 95, 63, 41, 142, 158, 65, 30, 145, 93, 65, 247, 157, 95, 63, 243, 209, 156, 65, 164, 37, 92, 65, 247, 157, 95, 63, 38, 42, 155, 65, 36, 99, 90, 65, 247, 157, 95, 63, 251, 154, 153, 65, 41, 78, 88, 65, 247, 157, 95, 63, 115, 40, 152, 65, 10, 236, 85, 65, 247, 157, 95, 63, 230, 129, 153, 65, 123, 69, 84, 65, 247, 157, 95, 63, 28, 67, 152, 65, 133, 227, 81, 65, 247, 157, 95, 63, 107, 36, 151, 65, 225, 68, 79, 65, 247, 157, 95, 63, 174, 40, 150, 65, 71, 112, 76, 65, 247, 157, 95, 63, 107, 82, 149, 65, 245, 108, 73, 65, 247, 157, 95, 63, 205, 163, 148, 65, 179, 66, 70, 65, 247, 157, 95, 63, 141, 30, 148, 65, 138, 249, 66, 65, 247, 157, 95, 63, 2, 196, 147, 65, 245, 153, 63, 65, 247, 157, 95, 63, 25, 149, 147, 65, 164, 44, 60, 65, 247, 157, 95, 63, 71, 146, 147, 65, 92, 186, 56, 65, 247, 157, 95, 63, 148, 187, 147, 65, 225, 75, 53, 65, 247, 157, 95, 63, 148, 16, 148, 65, 20, 234, 49, 65, 247, 157, 95, 63, 110, 144, 148, 65, 153, 157, 46, 65, 247, 157, 95, 63, 217, 57, 149, 65, 225, 110, 43, 65, 247, 157, 95, 63, 41, 11, 150, 65, 41, 102, 40, 65, 247, 157, 95, 63, 59, 2, 151, 65, 41, 139, 37, 65, 247, 157, 95, 63, 156, 28, 152, 65, 61, 229, 34, 65, 247, 157, 95, 63, 120, 87, 153, 65, 51, 123, 32, 65, 247, 157, 95, 63, 164, 175, 154, 65, 41, 83, 30, 65, 247, 157, 95, 63, 174, 33, 156, 65, 184, 114, 28, 65, 247, 157, 95, 63, 222, 169, 157, 65, 184, 222, 26, 65, 247, 157, 95, 63, 79, 68, 159, 65, 20, 155, 25, 65, 247, 157, 95, 63, 220, 236, 160, 65, 51, 171, 24, 65, 247, 157, 95, 63, 71, 159, 162, 65, 92, 17, 24, 65, 247, 157, 95, 63, 54, 87, 164, 65, 41, 207, 23, 65, 247, 157, 95, 63, 60, 16, 166, 65, 55, 229, 23, 65, 247, 157, 95, 63, 244, 197, 167, 65, 100, 83, 24, 65, 247, 157, 95, 63, 205, 204, 168, 65, 194, 183, 29, 65, 6, 5, 53, 63, 205, 204, 168, 65, 74, 203, 37, 65, 59, 34, 226, 62, 205, 204, 168, 65, 0, 151, 42, 65, 23, 143, 148, 62, 205, 204, 168, 65, 246, 209, 45, 65, 119, 223, 69, 62, 205, 204, 168, 65, 64, 47, 48, 65, 221, 206, 1, 62, 205, 204, 168, 65, 196, 5, 50, 65, 84, 249, 161, 61, 205, 204, 168, 65, 230, 132, 51, 65, 199, 215, 51, 61, 205, 204, 168, 65, 217, 200, 52, 65, 235, 166, 143, 60, 205, 204, 168, 65, 151, 227, 53, 65, 133, 3, 23, 187, 205, 204, 168, 65, 74, 225, 54, 65, 153, 228, 139, 188, 205, 204, 168, 65, 162, 202, 55, 65, 164, 67, 227, 188, 205, 204, 168, 65, 52, 166, 56, 65, 15, 16, 15, 189, 205, 204, 168, 65, 71, 121, 57, 65, 5, 217, 31, 189, 205, 204, 168, 65, 103, 72, 58, 65, 5, 221, 36, 189, 205, 204, 168, 65, 203, 23, 59, 65, 5, 93, 30, 189, 205, 204, 168, 65, 178, 235, 59, 65, 97, 4, 12, 189, 205, 204, 168, 65, 183, 200, 60, 65, 10, 186, 217, 188, 205, 204, 168, 65, 69, 180, 61, 65, 82, 190, 124, 188, 205, 204, 168, 65, 39, 181, 62, 65, 184, 30, 136, 184, 205, 204, 168, 65, 107, 212, 63, 65, 153, 22, 168, 60, 205, 204, 168, 65, 206, 30, 65, 65, 15, 21, 68, 61, 205, 204, 168, 65, 75, 167, 66, 65, 135, 224, 172, 61, 205, 204, 168, 65, 230, 139, 68, 65, 160, 74, 9, 62, 205, 204, 168, 65, 151, 255, 70, 65, 119, 134, 80, 62, 205, 204, 168, 65, 2, 97, 74, 65, 136, 147, 156, 62, 205, 204, 168, 65, 212, 118, 79, 65, 110, 78, 239, 62, 87, 61, 169, 65, 220, 123, 91, 65, 247, 157, 95, 63, 22, 142, 167, 65, 235, 53, 92, 65, 247, 157, 95, 63, 178, 215, 165, 65, 215, 152, 92, 65, 247, 157, 95, 63, 143, 30, 164, 65, 148, 163, 92, 65, 247, 157, 95, 63, 23, 103, 162, 65, 20, 86, 92, 65, 247, 157, 95, 63, 179, 181, 160, 65, 25, 177, 91, 65, 247, 157, 95, 63, 187, 14, 159, 65, 71, 182, 90, 65, 247, 157, 95, 63, 105, 118, 157, 65, 41, 104, 89, 65, 247, 157, 95, 63, 215, 240, 155, 65, 15, 202, 87, 65, 247, 157, 95, 63, 233, 129, 154, 65, 41, 224, 85, 65, 247, 157, 95, 63, 84, 45, 153, 65, 82, 175, 83, 65, 247, 157, 95, 63, 77, 97, 154, 65, 0, 65, 82, 65, 247, 157, 95, 63, 54, 59, 153, 65, 76, 14, 80, 65, 247, 157, 95, 63, 187, 50, 152, 65, 158, 163, 77, 65, 247, 157, 95, 63, 128, 74, 151, 65, 41, 7, 75, 65, 247, 157, 95, 63, 215, 132, 150, 65, 153, 63, 72, 65, 247, 157, 95, 63, 192, 227, 149, 65, 25, 84, 69, 65, 247, 157, 95, 63, 212, 104, 149, 65, 30, 76, 66, 65, 247, 157, 95, 63, 77, 21, 149, 65, 117, 47, 63, 65, 247, 157, 95, 63, 5, 234, 148, 65, 20, 6, 60, 65, 247, 157, 95, 63, 107, 231, 148, 65, 41, 216, 56, 65, 247, 157, 95, 63, 133, 13, 149, 65, 194, 173, 53, 65, 247, 157, 95, 63, 235, 91, 149, 65, 10, 143, 50, 65, 247, 157, 95, 63, 223, 209, 149, 65, 246, 131, 47, 65, 247, 157, 95, 63, 43, 110, 150, 65, 102, 148, 44, 65, 247, 157, 95, 63, 66, 47, 151, 65, 215, 199, 41, 65, 247, 157, 95, 63, 51, 19, 152, 65, 123, 37, 39, 65, 247, 157, 95, 63, 179, 23, 153, 65, 20, 180, 36, 65, 247, 157, 95, 63, 41, 58, 154, 65, 225, 121, 34, 65, 247, 157, 95, 63, 171, 119, 155, 65, 164, 124, 32, 65, 247, 157, 95, 63, 7, 205, 156, 65, 112, 193, 30, 65, 247, 157, 95, 63, 217, 54, 158, 65, 174, 76, 29, 65, 247, 157, 95, 63, 123, 177, 159, 65, 41, 34, 28, 65, 247, 157, 95, 63, 36, 57, 161, 65, 215, 68, 27, 65, 247, 157, 95, 63, 230, 201, 162, 65, 235, 182, 26, 65, 247, 157, 95, 63, 192, 95, 164, 65, 215, 121, 26, 65, 247, 157, 95, 63, 156, 246, 165, 65, 55, 142, 26, 65, 247, 157, 95, 63, 106, 138, 167, 65, 219, 243, 26, 65, 247, 157, 95, 63, 36, 23, 169, 65, 194, 169, 27, 65, 247, 157, 95, 63, 205, 204, 168, 65, 73, 203, 37, 65, 219, 109, 1, 63, 205, 204, 168, 65, 1, 151, 42, 65, 182, 196, 174, 62, 205, 204, 168, 65, 244, 209, 45, 65, 27, 245, 113, 62, 205, 204, 168, 65, 64, 47, 48, 65, 37, 45, 40, 62, 205, 204, 168, 65, 196, 5, 50, 65, 238, 130, 230, 61, 205, 204, 168, 65, 230, 132, 51, 65, 94, 104, 152, 61, 205, 204, 168, 65, 217, 200, 52, 65, 220, 185, 59, 61, 205, 204, 168, 65, 151, 227, 53, 65, 245, 69, 199, 60, 205, 204, 168, 65, 74, 225, 54, 65, 102, 48, 8, 60, 205, 204, 168, 65, 162, 202, 55, 65, 235, 233, 84, 187, 205, 204, 168, 65, 52, 166, 56, 65, 0, 214, 52, 188, 205, 204, 168, 65, 71, 121, 57, 65, 10, 157, 125, 188, 205, 204, 168, 65, 103, 72, 58, 65, 51, 174, 137, 188, 205, 204, 168, 65, 203, 23, 59, 65, 174, 45, 119, 188, 205, 204, 168, 65, 178, 235, 59, 65, 133, 161, 39, 188, 205, 204, 168, 65, 183, 200, 60, 65, 153, 49, 2, 187, 205, 204, 168, 65, 69, 180, 61, 65, 10, 129, 37, 60, 205, 204, 168, 65, 39, 181, 62, 65, 133, 40, 219, 60, 205, 204, 168, 65, 107, 212, 63, 65, 66, 248, 72, 61, 205, 204, 168, 65, 206, 30, 65, 65, 105, 53, 161, 61, 205, 204, 168, 65, 75, 167, 66, 65, 94, 84, 242, 61, 205, 204, 168, 65, 230, 139, 68, 65, 211, 73, 48, 62, 205, 204, 168, 65, 151, 255, 70, 65, 37, 129, 125, 62, 205, 204, 168, 65, 2, 97, 74, 65, 141, 117, 183, 62, 205, 204, 168, 65, 213, 118, 79, 65, 144, 145, 8, 63, 187, 228, 168, 65, 82, 232, 88, 65, 247, 157, 95, 63, 224, 86, 167, 65, 251, 147, 89, 65, 247, 157, 95, 63, 114, 194, 165, 65, 61, 239, 89, 65, 247, 157, 95, 63, 125, 43, 164, 65, 41, 249, 89, 65, 247, 157, 95, 63, 18, 150, 162, 65, 169, 177, 89, 65, 247, 157, 95, 63, 64, 6, 161, 65, 112, 25, 89, 65, 247, 157, 95, 63, 13, 128, 159, 65, 15, 50, 88, 65, 247, 157, 95, 63, 94, 7, 158, 65, 215, 253, 86, 65, 247, 157, 95, 63, 248, 159, 156, 65, 210, 127, 85, 65, 247, 157, 95, 63, 125, 77, 155, 65, 220, 187, 83, 65, 247, 157, 95, 63, 71, 19, 154, 65, 117, 182, 81, 65, 247, 157, 95, 63, 41, 40, 155, 65, 66, 117, 80, 65, 247, 157, 95, 63, 15, 24, 154, 65, 164, 108, 78, 65, 247, 157, 95, 63, 89, 35, 153, 65, 51, 48, 76, 65, 247, 157, 95, 63, 123, 76, 152, 65, 179, 197, 73, 65, 247, 157, 95, 63, 153, 149, 151, 65, 87, 51, 71, 65, 247, 157, 95, 63, 141, 0, 151, 65, 184, 127, 68, 65, 247, 157, 95, 63, 207, 142, 150, 65, 189, 177, 65, 65, 247, 157, 95, 63, 135, 65, 150, 65, 164, 208, 62, 65, 247, 157, 95, 63, 125, 25, 150, 65, 194, 227, 59, 65, 247, 157, 95, 63, 20, 23, 150, 65, 184, 242, 56, 65, 247, 157, 95, 63, 84, 58, 150, 65, 225, 4, 54, 65, 247, 157, 95, 63, 228, 130, 150, 65, 215, 33, 51, 65, 247, 157, 95, 63, 2, 240, 150, 65, 10, 81, 48, 65, 247, 157, 95, 63, 161, 128, 151, 65, 174, 153, 45, 65, 247, 157, 95, 63, 71, 51, 152, 65, 164, 2, 43, 65, 247, 157, 95, 63, 43, 6, 153, 65, 184, 146, 40, 65, 247, 157, 95, 63, 51, 247, 153, 65, 20, 80, 38, 65, 247, 157, 95, 63, 243, 3, 155, 65, 123, 64, 36, 65, 247, 157, 95, 63, 182, 41, 156, 65, 82, 105, 34, 65, 247, 157, 95, 63, 146, 101, 157, 65, 61, 207, 32, 65, 247, 157, 95, 63, 87, 180, 158, 65, 92, 118, 31, 65, 247, 157, 95, 63, 171, 18, 160, 65, 41, 98, 30, 65, 247, 157, 95, 63, 10, 125, 161, 65, 102, 149, 29, 65, 247, 157, 95, 63, 217, 239, 162, 65, 20, 18, 29, 65, 247, 157, 95, 63, 92, 103, 164, 65, 143, 217, 28, 65, 247, 157, 95, 63, 203, 223, 165, 65, 103, 236, 28, 65, 247, 157, 95, 63, 106, 85, 167, 65, 115, 74, 29, 65, 247, 157, 95, 63, 119, 196, 168, 65, 184, 242, 29, 65, 247, 157, 95, 63, 205, 204, 168, 65, 74, 203, 37, 65, 29, 126, 18, 63, 205, 204, 168, 65, 1, 151, 42, 65, 248, 25, 202, 62, 205, 204, 168, 65, 246, 209, 45, 65, 64, 247, 143, 62, 205, 204, 168, 65, 64, 47, 48, 65, 129, 48, 80, 62, 205, 204, 168, 65, 196, 5, 50, 65, 47, 254, 22, 62, 205, 204, 168, 65, 230, 132, 51, 65, 74, 146, 217, 61, 205, 204, 168, 65, 217, 200, 52, 65, 13, 76, 154, 61, 205, 204, 168, 65, 151, 227, 53, 65, 117, 99, 85, 61, 205, 204, 168, 65, 74, 225, 54, 65, 159, 127, 14, 61, 205, 204, 168, 65, 164, 202, 55, 65, 194, 162, 182, 60, 205, 204, 168, 65, 52, 166, 56, 65, 164, 90, 99, 60, 205, 204, 168, 65, 71, 121, 57, 65, 10, 177, 20, 60, 205, 204, 168, 65, 103, 72, 58, 65, 20, 98, 250, 59, 205, 204, 168, 65, 203, 23, 59, 65, 205, 166, 27, 60, 205, 204, 168, 65, 178, 235, 59, 65, 10, 161, 113, 60, 205, 204, 168, 65, 183, 200, 60, 65, 143, 207, 193, 60, 205, 204, 168, 65, 69, 180, 61, 65, 118, 107, 22, 61, 205, 204, 168, 65, 41, 181, 62, 65, 87, 34, 96, 61, 205, 204, 168, 65, 107, 212, 63, 65, 54, 116, 161, 61, 205, 204, 168, 65, 206, 30, 65, 65, 125, 21, 227, 61, 205, 204, 168, 65, 75, 167, 66, 65, 37, 97, 29, 62, 205, 204, 168, 65, 230, 139, 68, 65, 252, 244, 88, 62, 205, 204, 168, 65, 151, 255, 70, 65, 177, 52, 150, 62, 205, 204, 168, 65, 2, 97, 74, 65, 146, 126, 211, 62, 205, 204, 168, 65, 212, 118, 79, 65, 124, 53, 26, 63, 212, 149, 168, 65, 66, 157, 86, 65, 247, 157, 95, 63, 187, 37, 167, 65, 20, 60, 87, 65, 247, 157, 95, 63, 137, 175, 165, 65, 128, 144, 87, 65, 247, 157, 95, 63, 0, 55, 164, 65, 174, 153, 87, 65, 247, 157, 95, 63, 228, 191, 162, 65, 133, 87, 87, 65, 247, 157, 95, 63, 246, 77, 161, 65, 179, 202, 86, 65, 247, 157, 95, 63, 238, 228, 159, 65, 158, 244, 85, 65, 247, 157, 95, 63, 102, 136, 158, 65, 107, 215, 84, 65, 247, 157, 95, 63, 225, 59, 157, 65, 245, 117, 83, 65, 247, 157, 95, 63, 176, 2, 156, 65, 199, 211, 81, 65, 247, 157, 95, 63, 251, 223, 154, 65, 25, 245, 79, 65, 247, 157, 95, 63, 187, 218, 155, 65, 112, 216, 78, 65, 247, 157, 95, 63, 94, 222, 154, 65, 148, 245, 76, 65, 247, 157, 95, 63, 105, 251, 153, 65, 174, 226, 74, 65, 245, 157, 95, 63, 30, 52, 153, 65, 15, 165, 72, 65, 247, 157, 95, 63, 130, 138, 152, 65, 117, 66, 70, 65, 247, 157, 95, 63, 69, 0, 152, 65, 5, 193, 67, 65, 247, 157, 95, 63, 202, 150, 151, 65, 36, 39, 65, 65, 247, 157, 95, 63, 30, 79, 151, 65, 128, 123, 62, 65, 247, 157, 95, 63, 253, 41, 151, 65, 245, 196, 59, 65, 247, 157, 95, 63, 192, 39, 151, 65, 133, 10, 57, 65, 245, 157, 95, 63, 112, 72, 151, 65, 30, 83, 54, 65, 247, 157, 95, 63, 187, 139, 151, 65, 184, 165, 51, 65, 245, 157, 95, 63, 240, 240, 151, 65, 51, 9, 49, 65, 247, 157, 95, 63, 15, 119, 152, 65, 61, 132, 46, 65, 247, 157, 95, 63, 194, 28, 153, 65, 92, 29, 44, 65, 247, 157, 95, 63, 89, 224, 153, 65, 174, 218, 41, 65, 247, 157, 95, 63, 230, 191, 154, 65, 0, 194, 39, 65, 247, 157, 95, 63, 36, 185, 155, 65, 184, 216, 37, 65, 247, 157, 95, 63, 151, 201, 156, 65, 184, 35, 36, 65, 247, 157, 95, 63, 135, 238, 157, 65, 102, 167, 34, 65, 247, 157, 95, 63, 2, 37, 159, 65, 143, 103, 33, 65, 247, 157, 95, 63, 235, 105, 160, 65, 102, 103, 32, 65, 245, 157, 95, 63, 5, 186, 161, 65, 112, 169, 31, 65, 247, 157, 95, 63, 235, 17, 163, 65, 174, 47, 31, 65, 247, 157, 95, 63, 48, 110, 164, 65, 71, 251, 30, 65, 245, 157, 95, 63, 80, 203, 165, 65, 185, 12, 31, 65, 247, 157, 95, 63, 212, 37, 167, 65, 242, 99, 31, 65, 247, 157, 95, 63, 62, 122, 168, 65, 1, 0, 32, 65, 247, 157, 95, 63, 205, 204, 168, 65, 73, 203, 37, 65, 32, 89, 36, 63, 205, 204, 168, 65, 1, 151, 42, 65, 248, 179, 230, 62, 205, 204, 168, 65, 244, 209, 45, 65, 28, 5, 168, 62, 205, 204, 168, 65, 64, 47, 48, 65, 57, 15, 122, 62, 205, 204, 168, 65, 196, 5, 50, 65, 119, 99, 60, 62, 205, 204, 168, 65, 230, 132, 51, 65, 68, 225, 14, 62, 205, 204, 168, 65, 217, 200, 52, 65, 2, 137, 217, 61, 205, 204, 168, 65, 151, 227, 53, 65, 105, 53, 166, 61, 205, 204, 168, 65, 74, 225, 54, 65, 158, 251, 127, 61, 205, 204, 168, 65, 164, 202, 55, 65, 148, 204, 72, 61, 205, 204, 168, 65, 52, 166, 56, 65, 77, 159, 35, 61, 205, 204, 168, 65, 71, 121, 57, 65, 251, 106, 14, 61, 205, 204, 168, 65, 103, 72, 58, 65, 138, 21, 8, 61, 205, 204, 168, 65, 203, 23, 59, 65, 77, 75, 16, 61, 205, 204, 168, 65, 178, 235, 59, 65, 66, 120, 39, 61, 205, 204, 168, 65, 183, 200, 60, 65, 169, 210, 78, 61, 205, 204, 168, 65, 69, 180, 61, 65, 2, 67, 132, 61, 205, 204, 168, 65, 39, 181, 62, 65, 115, 0, 172, 61, 205, 204, 168, 65, 107, 212, 63, 65, 135, 64, 225, 61, 205, 204, 168, 65, 206, 30, 65, 65, 16, 2, 20, 62, 205, 204, 168, 65, 75, 167, 66, 65, 88, 70, 67, 62, 205, 204, 168, 65, 230, 139, 68, 65, 157, 193, 129, 62, 205, 204, 168, 65, 151, 255, 70, 65, 115, 191, 174, 62, 205, 204, 168, 65, 2, 97, 74, 65, 176, 212, 240, 62, 205, 204, 168, 65, 212, 118, 79, 65, 247, 170, 44, 63, 254, 78, 168, 65, 25, 142, 84, 65, 247, 157, 95, 63, 153, 249, 166, 65, 102, 33, 85, 65, 245, 157, 95, 63, 142, 158, 165, 65, 179, 111, 85, 65, 247, 157, 95, 63, 87, 65, 164, 65, 51, 120, 85, 65, 247, 157, 95, 63, 112, 229, 162, 65, 220, 58, 85, 65, 247, 157, 95, 63, 89, 142, 161, 65, 66, 184, 84, 65, 247, 157, 95, 63, 130, 63, 160, 65, 179, 241, 83, 65, 245, 157, 95, 63, 69, 252, 158, 65, 46, 233, 82, 65, 247, 157, 95, 63, 222, 199, 157, 65, 97, 161, 81, 65, 247, 157, 95, 63, 102, 165, 156, 65, 138, 29, 80, 65, 247, 157, 95, 63, 199, 151, 155, 65, 148, 97, 78, 65, 245, 157, 95, 63, 84, 124, 156, 65, 220, 98, 77, 65, 247, 157, 95, 63, 215, 145, 155, 65, 41, 162, 75, 65, 247, 157, 95, 63, 243, 190, 154, 65, 215, 180, 73, 65, 247, 157, 95, 63, 197, 5, 154, 65, 215, 159, 71, 65, 247, 157, 95, 63, 43, 104, 153, 65, 117, 104, 69, 65, 245, 157, 95, 63, 184, 231, 152, 65, 112, 20, 67, 65, 247, 157, 95, 63, 179, 133, 152, 65, 174, 169, 64, 65, 247, 157, 95, 63, 25, 67, 152, 65, 112, 46, 62, 65, 247, 157, 95, 63, 153, 32, 152, 65, 20, 169, 59, 65, 247, 157, 95, 63, 133, 30, 152, 65, 20, 32, 57, 65, 247, 157, 95, 63, 228, 60, 152, 65, 235, 153, 54, 65, 247, 157, 95, 63, 107, 123, 152, 65, 0, 29, 52, 65, 247, 157, 95, 63, 120, 217, 152, 65, 215, 175, 49, 65, 247, 157, 95, 63, 23, 86, 153, 65, 133, 88, 47, 65, 247, 157, 95, 63, 13, 240, 153, 65, 41, 29, 45, 65, 247, 157, 95, 63, 205, 165, 154, 65, 123, 3, 43, 65, 247, 157, 95, 63, 133, 117, 155, 65, 205, 16, 41, 65, 247, 157, 95, 63, 30, 93, 156, 65, 41, 74, 39, 65, 247, 157, 95, 63, 74, 90, 157, 65, 30, 180, 37, 65, 247, 157, 95, 63, 125, 106, 158, 65, 184, 82, 36, 65, 247, 157, 95, 63, 253, 138, 159, 65, 123, 41, 35, 65, 247, 157, 95, 63, 230, 184, 160, 65, 112, 59, 34, 65, 247, 157, 95, 63, 48, 241, 161, 65, 246, 138, 33, 65, 247, 157, 95, 63, 194, 48, 163, 65, 215, 25, 33, 65, 247, 157, 95, 63, 94, 116, 164, 65, 30, 233, 32, 65, 245, 157, 95, 63, 198, 184, 165, 65, 86, 249, 32, 65, 247, 157, 95, 63, 194, 250, 166, 65, 97, 74, 33, 65, 247, 157, 95, 63, 20, 55, 168, 65, 101, 219, 33, 65, 247, 157, 95, 63, 205, 204, 168, 65, 73, 203, 37, 65, 78, 25, 55, 63, 205, 204, 168, 65, 0, 151, 42, 65, 134, 94, 2, 63, 205, 204, 168, 65, 246, 209, 45, 65, 130, 71, 193, 62, 205, 204, 168, 65, 64, 47, 48, 65, 162, 3, 147, 62, 205, 204, 168, 65, 196, 5, 50, 65, 180, 168, 99, 62, 205, 204, 168, 65, 230, 132, 51, 65, 221, 174, 50, 62, 205, 204, 168, 65, 217, 200, 52, 65, 211, 248, 13, 62, 205, 204, 168, 65, 151, 227, 53, 65, 2, 181, 228, 61, 205, 204, 168, 65, 74, 225, 54, 65, 228, 147, 187, 61, 205, 204, 168, 65, 164, 202, 55, 65, 74, 226, 157, 61, 205, 204, 168, 65, 52, 166, 56, 65, 2, 225, 137, 61, 205, 204, 168, 65, 71, 121, 57, 65, 189, 240, 124, 61, 205, 204, 168, 65, 103, 72, 58, 65, 76, 31, 118, 61, 205, 204, 168, 65, 203, 23, 59, 65, 56, 245, 126, 61, 205, 204, 168, 65, 178, 235, 59, 65, 23, 243, 139, 61, 205, 204, 168, 65, 183, 200, 60, 65, 33, 32, 161, 61, 205, 204, 168, 65, 69, 180, 61, 65, 135, 44, 192, 61, 205, 204, 168, 65, 39, 181, 62, 65, 238, 240, 234, 61, 205, 204, 168, 65, 107, 212, 63, 65, 221, 31, 18, 62, 205, 204, 168, 65, 206, 30, 65, 65, 201, 51, 56, 62, 205, 204, 168, 65, 75, 167, 66, 65, 231, 17, 107, 62, 205, 204, 168, 65, 230, 139, 68, 65, 198, 25, 152, 62, 205, 204, 168, 65, 151, 255, 70, 65, 33, 133, 200, 62, 205, 204, 168, 65, 2, 97, 74, 65, 157, 209, 7, 63, 176, 67, 169, 65, 107, 233, 81, 65, 247, 157, 95, 63, 228, 14, 168, 65, 10, 177, 82, 65, 247, 157, 95, 63, 169, 209, 166, 65, 230, 57, 83, 65, 247, 157, 95, 63, 47, 143, 165, 65, 164, 130, 83, 65, 247, 157, 95, 63, 176, 74, 164, 65, 143, 138, 83, 65, 247, 157, 95, 63, 110, 7, 163, 65, 143, 81, 83, 65, 247, 157, 95, 63, 158, 200, 161, 65, 51, 216, 82, 65, 247, 157, 95, 63, 125, 145, 160, 65, 179, 31, 82, 65, 247, 157, 95, 63, 33, 101, 159, 65, 235, 41, 81, 65, 247, 157, 95, 63, 143, 70, 158, 65, 82, 249, 79, 65, 247, 157, 95, 63, 169, 56, 157, 65, 235, 144, 78, 65, 247, 157, 95, 63, 30, 62, 156, 65, 97, 244, 76, 65, 247, 157, 95, 63, 158, 15, 157, 65, 87, 14, 76, 65, 245, 157, 95, 63, 105, 53, 156, 65, 210, 108, 74, 65, 247, 157, 95, 63, 41, 113, 155, 65, 194, 161, 72, 65, 247, 157, 95, 63, 217, 196, 154, 65, 189, 177, 70, 65, 247, 157, 95, 63, 48, 50, 154, 65, 199, 161, 68, 65, 247, 157, 95, 63, 166, 186, 153, 65, 30, 119, 66, 65, 247, 157, 95, 63, 112, 95, 153, 65, 87, 55, 64, 65, 245, 157, 95, 63, 120, 33, 153, 65, 61, 232, 61, 65, 247, 157, 95, 63, 89, 1, 153, 65, 169, 143, 59, 65, 247, 157, 95, 63, 107, 255, 152, 65, 205, 51, 57, 65, 247, 157, 95, 63, 176, 27, 153, 65, 112, 218, 54, 65, 247, 157, 95, 63, 222, 85, 153, 65, 194, 137, 52, 65, 247, 157, 95, 63, 100, 173, 153, 65, 184, 71, 50, 65, 245, 157, 95, 63, 94, 33, 154, 65, 10, 26, 48, 65, 247, 157, 95, 63, 161, 176, 154, 65, 92, 6, 46, 65, 247, 157, 95, 63, 194, 89, 155, 65, 0, 18, 44, 65, 247, 157, 95, 63, 13, 27, 156, 65, 235, 65, 42, 65, 245, 157, 95, 63, 148, 242, 156, 65, 225, 154, 40, 65, 247, 157, 95, 63, 43, 222, 157, 65, 0, 33, 39, 65, 247, 157, 95, 63, 120, 219, 158, 65, 30, 216, 37, 65, 245, 157, 95, 63, 238, 231, 159, 65, 143, 195, 36, 65, 247, 157, 95, 63, 225, 0, 161, 65, 10, 230, 35, 65, 245, 157, 95, 63, 125, 35, 162, 65, 205, 65, 35, 65, 247, 157, 95, 63, 220, 76, 163, 65, 133, 216, 34, 65, 247, 157, 95, 63, 253, 121, 164, 65, 61, 171, 34, 65, 247, 157, 95, 63, 225, 167, 165, 65, 79, 186, 34, 65, 247, 157, 95, 63, 129, 211, 166, 65, 185, 5, 35, 65, 247, 157, 95, 63, 220, 249, 167, 65, 171, 140, 35, 65, 245, 157, 95, 63, 2, 24, 169, 65, 215, 77, 36, 65, 245, 157, 95, 63, 205, 204, 168, 65, 1, 151, 42, 65, 216, 50, 18, 63, 205, 204, 168, 65, 246, 209, 45, 65, 135, 231, 219, 62, 205, 204, 168, 65, 64, 47, 48, 65, 212, 47, 170, 62, 205, 204, 168, 65, 196, 5, 50, 65, 177, 134, 134, 62, 205, 204, 168, 65, 230, 132, 51, 65, 221, 107, 88, 62, 205, 204, 168, 65, 217, 200, 52, 65, 160, 248, 48, 62, 205, 204, 168, 65, 151, 227, 53, 65, 170, 74, 19, 62, 205, 204, 168, 65, 74, 225, 54, 65, 156, 98, 250, 61, 205, 204, 168, 65, 162, 202, 55, 65, 187, 121, 218, 61, 205, 204, 168, 65, 52, 166, 56, 65, 74, 250, 196, 61, 205, 204, 168, 65, 71, 121, 57, 65, 187, 183, 184, 61, 205, 204, 168, 65, 103, 72, 58, 65, 207, 13, 181, 61, 205, 204, 168, 65, 203, 23, 59, 65, 64, 205, 185, 61, 205, 204, 168, 65, 178, 235, 59, 65, 228, 51, 199, 61, 205, 204, 168, 65, 183, 200, 60, 65, 125, 245, 221, 61, 205, 204, 168, 65, 69, 180, 61, 65, 238, 82, 255, 61, 205, 204, 168, 65, 39, 181, 62, 65, 57, 164, 22, 62, 205, 204, 168, 65, 107, 212, 63, 65, 231, 110, 53, 62, 205, 204, 168, 65, 206, 30, 65, 65, 57, 90, 94, 62, 205, 204, 168, 65, 75, 167, 66, 65, 8, 130, 138, 62, 205, 204, 168, 65, 230, 139, 68, 65, 43, 167, 175, 62, 205, 204, 168, 65, 151, 255, 70, 65, 115, 175, 227, 62, 205, 204, 168, 65, 2, 97, 74, 65, 16, 14, 24, 63, 210, 243, 168, 65, 117, 68, 80, 65, 245, 157, 95, 63, 118, 212, 167, 65, 56, 254, 80, 65, 247, 157, 95, 63, 68, 173, 166, 65, 148, 125, 81, 65, 247, 157, 95, 63, 45, 129, 165, 65, 71, 193, 81, 65, 247, 157, 95, 63, 54, 83, 164, 65, 169, 200, 81, 65, 247, 157, 95, 63, 100, 38, 163, 65, 148, 147, 81, 65, 247, 157, 95, 63, 187, 253, 161, 65, 169, 34, 81, 65, 247, 157, 95, 63, 51, 220, 160, 65, 251, 118, 80, 65, 247, 157, 95, 63, 179, 196, 159, 65, 66, 146, 79, 65, 245, 157, 95, 63, 7, 186, 158, 65, 204, 118, 78, 65, 247, 157, 95, 63, 222, 190, 157, 65, 117, 39, 77, 65, 245, 157, 95, 63, 187, 213, 156, 65, 143, 167, 75, 65, 247, 157, 95, 63, 187, 150, 157, 65, 251, 213, 74, 65, 247, 157, 95, 63, 118, 203, 156, 65, 10, 81, 73, 65, 247, 157, 95, 63, 164, 20, 156, 65, 102, 165, 71, 65, 247, 157, 95, 63, 30, 116, 155, 65, 87, 215, 69, 65, 247, 157, 95, 63, 128, 235, 154, 65, 133, 235, 67, 65, 247, 157, 95, 63, 38, 124, 154, 65, 215, 230, 65, 65, 247, 157, 95, 63, 46, 39, 154, 65, 117, 206, 63, 65, 247, 157, 95, 63, 115, 237, 153, 65, 205, 167, 61, 65, 247, 157, 95, 63, 135, 207, 153, 65, 92, 120, 59, 65, 247, 157, 95, 63, 189, 205, 153, 65, 205, 69, 57, 65, 247, 157, 95, 63, 18, 232, 153, 65, 164, 21, 55, 65, 247, 157, 95, 63, 66, 30, 154, 65, 133, 237, 52, 65, 247, 157, 95, 63, 205, 111, 154, 65, 10, 211, 50, 65, 247, 157, 95, 63, 215, 219, 154, 65, 143, 203, 48, 65, 247, 157, 95, 63, 74, 97, 155, 65, 61, 220, 46, 65, 247, 157, 95, 63, 215, 254, 155, 65, 41, 10, 45, 65, 247, 157, 95, 63, 233, 178, 156, 65, 215, 89, 43, 65, 247, 157, 95, 63, 174, 123, 157, 65, 194, 207, 41, 65, 247, 157, 95, 63, 33, 87, 158, 65, 194, 111, 40, 65, 247, 157, 95, 63, 25, 67, 159, 65, 102, 61, 39, 65, 247, 157, 95, 63, 48, 61, 160, 65, 184, 59, 38, 65, 247, 157, 95, 63, 233, 66, 161, 65, 102, 109, 37, 65, 247, 157, 95, 63, 161, 81, 162, 65, 102, 212, 36, 65, 247, 157, 95, 63, 161, 102, 163, 65, 82, 114, 36, 65, 247, 157, 95, 63, 41, 127, 164, 65, 30, 72, 36, 65, 247, 157, 95, 63, 97, 152, 165, 65, 41, 86, 36, 65, 247, 157, 95, 63, 128, 175, 166, 65, 105, 156, 36, 65, 247, 157, 95, 63, 180, 193, 167, 65, 32, 26, 37, 65, 247, 157, 95, 63, 65, 204, 168, 65, 9, 206, 37, 65, 247, 157, 95, 63, 205, 204, 168, 65, 0, 151, 42, 65, 11, 243, 34, 63, 205, 204, 168, 65, 244, 209, 45, 65, 74, 20, 248, 62, 205, 204, 168, 65, 64, 47, 48, 65, 84, 181, 194, 62, 205, 204, 168, 65, 196, 5, 50, 65, 85, 109, 156, 62, 205, 204, 168, 65, 230, 132, 51, 65, 162, 45, 128, 62, 205, 204, 168, 65, 217, 200, 52, 65, 221, 1, 86, 62, 205, 204, 168, 65, 151, 227, 53, 65, 170, 37, 54, 62, 205, 204, 168, 65, 74, 225, 54, 65, 150, 108, 30, 62, 205, 204, 168, 65, 164, 202, 55, 65, 6, 76, 13, 62, 205, 204, 168, 65, 52, 166, 56, 65, 47, 194, 1, 62, 205, 204, 168, 65, 71, 121, 57, 65, 238, 90, 246, 61, 205, 204, 168, 65, 103, 72, 58, 65, 94, 108, 242, 61, 205, 204, 168, 65, 203, 23, 59, 65, 238, 132, 247, 61, 205, 204, 168, 65, 178, 235, 59, 65, 221, 243, 2, 62, 205, 204, 168, 65, 183, 200, 60, 65, 170, 42, 15, 62, 205, 204, 168, 65, 69, 180, 61, 65, 37, 19, 33, 62, 205, 204, 168, 65, 39, 181, 62, 65, 47, 190, 57, 62, 205, 204, 168, 65, 107, 212, 63, 65, 47, 204, 90, 62, 205, 204, 168, 65, 206, 30, 65, 65, 141, 92, 131, 62, 205, 204, 168, 65, 75, 167, 66, 65, 162, 179, 160, 62, 205, 204, 168, 65, 230, 139, 68, 65, 135, 147, 200, 62, 205, 204, 168, 65, 151, 255, 70, 65, 73, 55, 0, 63, 205, 204, 168, 65, 2, 97, 74, 65, 98, 60, 41, 63, 141, 170, 168, 65, 82, 194, 78, 65, 247, 157, 95, 63, 221, 158, 167, 65, 87, 111, 79, 65, 247, 157, 95, 63, 224, 139, 166, 65, 0, 230, 79, 65, 247, 157, 95, 63, 83, 116, 165, 65, 15, 37, 80, 65, 247, 157, 95, 63, 10, 91, 164, 65, 235, 43, 80, 65, 247, 157, 95, 63, 207, 66, 163, 65, 128, 250, 79, 65, 247, 157, 95, 63, 115, 46, 162, 65, 71, 145, 79, 65, 247, 157, 95, 63, 189, 32, 161, 65, 92, 241, 78, 65, 247, 157, 95, 63, 94, 28, 160, 65, 76, 28, 78, 65, 247, 157, 95, 63, 246, 35, 159, 65, 66, 20, 77, 65, 247, 157, 95, 63, 251, 57, 158, 65, 220, 219, 75, 65, 247, 157, 95, 63, 207, 96, 157, 65, 61, 118, 74, 65, 247, 157, 95, 63, 105, 19, 158, 65, 194, 181, 73, 65, 247, 157, 95, 63, 235, 85, 157, 65, 46, 75, 72, 65, 247, 157, 95, 63, 128, 171, 156, 65, 138, 188, 70, 65, 247, 157, 95, 63, 220, 21, 156, 65, 210, 13, 69, 65, 247, 157, 95, 63, 128, 150, 155, 65, 82, 67, 67, 65, 247, 157, 95, 63, 179, 46, 155, 65, 174, 97, 65, 65, 247, 157, 95, 63, 125, 223, 154, 65, 174, 109, 63, 65, 247, 157, 95, 63, 174, 169, 154, 65, 92, 108, 61, 65, 247, 157, 95, 63, 202, 141, 154, 65, 220, 98, 59, 65, 247, 157, 95, 63, 28, 140, 154, 65, 112, 86, 57, 65, 247, 157, 95, 63, 169, 164, 154, 65, 61, 76, 55, 65, 247, 157, 95, 63, 48, 215, 154, 65, 153, 73, 53, 65, 247, 157, 95, 63, 46, 35, 155, 65, 153, 83, 51, 65, 247, 157, 95, 63, 230, 135, 155, 65, 92, 111, 49, 65, 247, 157, 95, 63, 79, 4, 156, 65, 164, 161, 47, 65, 247, 157, 95, 63, 46, 151, 156, 65, 20, 239, 45, 65, 247, 157, 95, 63, 7, 63, 157, 65, 30, 92, 44, 65, 247, 157, 95, 63, 46, 250, 157, 65, 194, 236, 42, 65, 247, 157, 95, 63, 194, 198, 158, 65, 153, 164, 41, 65, 247, 157, 95, 63, 187, 162, 159, 65, 10, 135, 40, 65, 247, 157, 95, 63, 220, 139, 160, 65, 215, 150, 39, 65, 247, 157, 95, 63, 215, 127, 161, 65, 123, 214, 38, 65, 247, 157, 95, 63, 51, 124, 162, 65, 225, 71, 38, 65, 247, 157, 95, 63, 107, 126, 163, 65, 123, 236, 37, 65, 247, 157, 95, 63, 238, 131, 164, 65, 20, 197, 37, 65, 247, 157, 95, 63, 20, 138, 165, 65, 52, 210, 37, 65, 247, 157, 95, 63, 69, 142, 166, 65, 176, 19, 38, 65, 247, 157, 95, 63, 226, 141, 167, 65, 225, 136, 38, 65, 247, 157, 95, 63, 93, 134, 168, 65, 151, 48, 39, 65, 247, 157, 95, 63, 205, 204, 168, 65, 1, 151, 42, 65, 180, 191, 52, 63, 205, 204, 168, 65, 244, 209, 45, 65, 80, 2, 11, 63, 205, 204, 168, 65, 64, 47, 48, 65, 228, 195, 220, 62, 205, 204, 168, 65, 196, 5, 50, 65, 23, 179, 179, 62, 205, 204, 168, 65, 230, 132, 51, 65, 90, 101, 149, 62, 205, 204, 168, 65, 217, 200, 52, 65, 190, 92, 125, 62, 205, 204, 168, 65, 151, 227, 53, 65, 78, 47, 91, 62, 205, 204, 168, 65, 74, 225, 54, 65, 119, 188, 65, 62, 205, 204, 168, 65, 162, 202, 55, 65, 6, 93, 47, 62, 205, 204, 168, 65, 52, 166, 56, 65, 68, 252, 34, 62, 205, 204, 168, 65, 71, 121, 57, 65, 16, 237, 27, 62, 205, 204, 168, 65, 103, 72, 58, 65, 27, 209, 25, 62, 205, 204, 168, 65, 203, 23, 59, 65, 231, 140, 28, 62, 205, 204, 168, 65, 178, 235, 59, 65, 47, 68, 36, 62, 205, 204, 168, 65, 183, 200, 60, 65, 119, 94, 49, 62, 205, 204, 168, 65, 69, 180, 61, 65, 119, 148, 68, 62, 205, 204, 168, 65, 39, 181, 62, 65, 190, 10, 95, 62, 205, 204, 168, 65, 107, 212, 63, 65, 23, 64, 129, 62, 205, 204, 168, 65, 206, 30, 65, 65, 141, 207, 152, 62, 205, 204, 168, 65, 75, 167, 66, 65, 243, 72, 184, 62, 205, 204, 168, 65, 230, 139, 68, 65, 84, 15, 227, 62, 205, 204, 168, 65, 151, 255, 70, 65, 57, 125, 15, 63, 205, 204, 168, 65, 2, 97, 74, 65, 29, 126, 59, 63, 242, 102, 168, 65, 251, 93, 77, 65, 247, 157, 95, 63, 105, 109, 167, 65, 76, 255, 77, 65, 247, 157, 95, 63, 15, 109, 166, 65, 230, 109, 78, 65, 247, 157, 95, 63, 120, 104, 165, 65, 179, 168, 78, 65, 247, 157, 95, 63, 64, 98, 164, 65, 20, 175, 78, 65, 247, 157, 95, 63, 5, 93, 163, 65, 0, 129, 78, 65, 247, 157, 95, 63, 105, 91, 162, 65, 240, 30, 78, 65, 247, 157, 95, 63, 251, 95, 161, 65, 220, 137, 77, 65, 247, 157, 95, 63, 66, 109, 160, 65, 61, 195, 76, 65, 247, 157, 95, 63, 176, 133, 159, 65, 20, 205, 75, 65, 247, 157, 95, 63, 151, 171, 158, 65, 225, 169, 74, 65, 247, 157, 95, 63, 36, 225, 157, 65, 128, 92, 73, 65, 247, 157, 95, 63, 18, 135, 158, 65, 87, 170, 72, 65, 247, 157, 95, 63, 94, 214, 157, 65, 61, 88, 71, 65, 247, 157, 95, 63, 118, 55, 157, 65, 128, 228, 69, 65, 247, 157, 95, 63, 235, 171, 156, 65, 220, 82, 68, 65, 247, 157, 95, 63, 41, 53, 156, 65, 77, 167, 66, 65, 247, 157, 95, 63, 92, 212, 155, 65, 41, 230, 64, 65, 247, 157, 95, 63, 125, 138, 155, 65, 230, 19, 63, 65, 247, 157, 95, 63, 79, 88, 155, 65, 56, 53, 61, 65, 247, 157, 95, 63, 79, 62, 155, 65, 230, 78, 59, 65, 247, 157, 95, 63, 189, 60, 155, 65, 215, 101, 57, 65, 247, 157, 95, 63, 161, 83, 155, 65, 235, 126, 55, 65, 247, 157, 95, 63, 192, 130, 155, 65, 0, 159, 53, 65, 247, 157, 95, 63, 158, 201, 155, 65, 225, 202, 51, 65, 247, 157, 95, 63, 135, 39, 156, 65, 71, 7, 50, 65, 247, 157, 95, 63, 141, 155, 156, 65, 194, 88, 48, 65, 247, 157, 95, 63, 130, 36, 157, 65, 143, 195, 46, 65, 247, 157, 95, 63, 10, 193, 157, 65, 194, 75, 45, 65, 247, 157, 95, 63, 143, 111, 158, 65, 51, 245, 43, 65, 247, 157, 95, 63, 87, 46, 159, 65, 41, 195, 42, 65, 247, 157, 95, 63, 118, 251, 159, 65, 225, 184, 41, 65, 247, 157, 95, 63, 217, 212, 160, 65, 235, 216, 40, 65, 247, 157, 95, 63, 92, 184, 161, 65, 133, 37, 40, 65, 247, 157, 95, 63, 176, 163, 162, 65, 143, 160, 39, 65, 247, 157, 95, 63, 125, 148, 163, 65, 71, 75, 39, 65, 247, 157, 95, 63, 89, 136, 164, 65, 153, 38, 39, 65, 247, 157, 95, 63, 207, 124, 165, 65, 206, 50, 39, 65, 247, 157, 95, 63, 114, 111, 166, 65, 225, 111, 39, 65, 247, 157, 95, 63, 207, 93, 167, 65, 39, 221, 39, 65, 247, 157, 95, 63, 132, 69, 168, 65, 139, 121, 40, 65, 247, 157, 95, 63, 66, 36, 169, 65, 133, 67, 41, 65, 247, 157, 95, 63, 205, 204, 168, 65, 246, 209, 45, 65, 116, 252, 26, 63, 205, 204, 168, 65, 64, 47, 48, 65, 125, 147, 248, 62, 205, 204, 168, 65, 196, 5, 50, 65, 233, 137, 204, 62, 205, 204, 168, 65, 230, 132, 51, 65, 187, 10, 172, 62, 205, 204, 168, 65, 217, 200, 52, 65, 244, 174, 147, 62, 205, 204, 168, 65, 151, 227, 53, 65, 162, 91, 129, 62, 205, 204, 168, 65, 74, 225, 54, 65, 252, 108, 103, 62, 205, 204, 168, 65, 164, 202, 55, 65, 27, 185, 83, 62, 205, 204, 168, 65, 52, 166, 56, 65, 16, 115, 70, 62, 205, 204, 168, 65, 71, 121, 57, 65, 6, 225, 62, 62, 205, 204, 168, 65, 103, 72, 58, 65, 6, 158, 60, 62, 205, 204, 168, 65, 203, 23, 59, 65, 119, 140, 63, 62, 205, 204, 168, 65, 178, 235, 59, 65, 190, 210, 71, 62, 205, 204, 168, 65, 183, 200, 60, 65, 180, 223, 85, 62, 205, 204, 168, 65, 69, 180, 61, 65, 170, 121, 106, 62, 205, 204, 168, 65, 41, 181, 62, 65, 34, 109, 131, 62, 205, 204, 168, 65, 107, 212, 63, 65, 75, 112, 150, 62, 205, 204, 168, 65, 206, 30, 65, 65, 43, 180, 175, 62, 205, 204, 168, 65, 75, 167, 66, 65, 176, 116, 209, 62, 205, 204, 168, 65, 230, 139, 68, 65, 140, 83, 255, 62, 205, 204, 168, 65, 151, 255, 70, 65, 98, 202, 31, 63, 59, 8, 169, 65, 51, 79, 75, 65, 247, 157, 95, 63, 55, 40, 168, 65, 97, 19, 76, 65, 247, 157, 95, 63, 133, 63, 167, 65, 210, 169, 76, 65, 247, 157, 95, 63, 121, 80, 166, 65, 240, 16, 77, 65, 247, 157, 95, 63, 120, 93, 165, 65, 194, 71, 77, 65, 247, 157, 95, 63, 243, 104, 164, 65, 189, 77, 77, 65, 247, 157, 95, 63, 89, 117, 163, 65, 194, 34, 77, 65, 247, 157, 95, 63, 28, 133, 162, 65, 82, 199, 76, 65, 247, 157, 95, 63, 169, 154, 161, 65, 71, 60, 76, 65, 247, 157, 95, 63, 82, 184, 160, 65, 20, 131, 75, 65, 247, 157, 95, 63, 100, 224, 159, 65, 138, 157, 74, 65, 247, 157, 95, 63, 0, 21, 159, 65, 251, 141, 73, 65, 247, 157, 95, 63, 51, 88, 158, 65, 30, 87, 72, 65, 247, 157, 95, 63]
is_dense: True
---
